version https://git-lfs.github.com/spec/v1
oid sha256:7803313eb35a9e821cc634c6e8c5d51713bb67ec79c6854d6a046aafea7a1b12
size 11089
